0.00347811 2 1 0 0.1
0.0139034 2 1 0 0.2
0.0311967 2 1 0 0.3
0.0550653 2 1 0 0.4
0.084816 2 1 0 0.5
0.119207 2 1 0 0.6
0.156439 2 1 0 0.7
0.194315 2 1 0 0.8
0.230534 2 1 0 0.9
0.262977 2 1 0 1.
0.289919 2 1 0 1.1
0.310143 2 1 0 1.2
0.32298 2 1 0 1.3
0.328325 2 1 0 1.4
0.326628 2 1 0 1.5
0.318839 2 1 0 1.6
0.306269 2 1 0 1.7
0.290392 2 1 0 1.8
0.272617 2 1 0 1.9
0.254129 2 1 0 2.
0.235805 2 1 0 2.1
0.218226 2 1 0 2.2
0.20173 2 1 0 2.3
0.186474 2 1 0 2.4
0.172497 2 1 0 2.5
0.159766 2 1 0 2.6
0.148208 2 1 0 2.7
0.13773 2 1 0 2.8
0.128234 2 1 0 2.9
0.119623 2 1 0 3.
0.111806 2 1 0 3.1
0.104698 2 1 0 3.2
0.0982244 2 1 0 3.3
0.0923166 2 1 0 3.4
0.0869145 2 1 0 3.5
0.0819648 2 1 0 3.6
0.0774203 2 1 0 3.7
0.0732394 2 1 0 3.8
0.0693854 2 1 0 3.9
0.0658259 2 1 0 4.
0.00350256 2 1 0.1 0
1.99296 2 1 0.1 0
0.0141054 2 1 0.1 0.1
1.99293 2 1 0.1 0.1
0.0319113 2 1 0.1 0.2
1.99291 2 1 0.1 0.2
0.0568498 2 1 0.1 0.3
1.99289 2 1 0.1 0.3
0.0884597 2 1 0.1 0.4
1.99287 2 1 0.1 0.4
0.125665 2 1 0.1 0.5
1.99286 2 1 0.1 0.5
0.166665 2 1 0.1 0.6
1.99284 2 1 0.1 0.6
0.209055 2 1 0.1 0.7
1.99283 2 1 0.1 0.7
0.250148 2 1 0.1 0.8
1.99282 2 1 0.1 0.8
0.287376 2 1 0.1 0.9
1.99281 2 1 0.1 0.9
0.318612 2 1 0.1 1.
1.9928 2 1 0.1 1.
0.342343 2 1 0.1 1.1
1.9928 2 1 0.1 1.1
0.357717 2 1 0.1 1.2
1.9928 2 1 0.1 1.2
0.364545 2 1 0.1 1.3
1.9928 2 1 0.1 1.3
0.363271 2 1 0.1 1.4
1.9928 2 1 0.1 1.4
0.354912 2 1 0.1 1.5
1.99281 2 1 0.1 1.5
0.340919 2 1 0.1 1.6
1.99282 2 1 0.1 1.6
0.322965 2 1 0.1 1.7
1.99283 2 1 0.1 1.7
0.302692 2 1 0.1 1.8
1.99284 2 1 0.1 1.8
0.281509 2 1 0.1 1.9
1.99285 2 1 0.1 1.9
0.260478 2 1 0.1 2.
1.99287 2 1 0.1 2.
0.24031 2 1 0.1 2.1
1.99289 2 1 0.1 2.1
0.221417 2 1 0.1 2.2
1.99291 2 1 0.1 2.2
0.203992 2 1 0.1 2.3
1.99294 2 1 0.1 2.3
0.188083 2 1 0.1 2.4
1.99296 2 1 0.1 2.4
0.173646 2 1 0.1 2.5
1.99299 2 1 0.1 2.5
0.16059 2 1 0.1 2.6
1.99302 2 1 0.1 2.6
0.148801 2 1 0.1 2.7
1.99305 2 1 0.1 2.7
0.138158 2 1 0.1 2.8
1.99309 2 1 0.1 2.8
0.128544 2 1 0.1 2.9
1.99312 2 1 0.1 2.9
0.119847 2 1 0.1 3.
1.99316 2 1 0.1 3.
0.111968 2 1 0.1 3.1
1.9932 2 1 0.1 3.1
0.104814 2 1 0.1 3.2
1.99325 2 1 0.1 3.2
0.0983071 2 1 0.1 3.3
1.99329 2 1 0.1 3.3
0.0923746 2 1 0.1 3.4
1.99334 2 1 0.1 3.4
0.0869543 2 1 0.1 3.5
1.99338 2 1 0.1 3.5
0.0819911 2 1 0.1 3.6
1.99343 2 1 0.1 3.6
0.0774365 2 1 0.1 3.7
1.99348 2 1 0.1 3.7
0.0732483 2 1 0.1 3.8
1.99353 2 1 0.1 3.8
0.0693888 2 1 0.1 3.9
1.99359 2 1 0.1 3.9
0.0658253 2 1 0.1 4.
1.99364 2 1 0.1 4.
0.0143066 2 1 0.2 0
1.97083 2 1 0.2 0
0.0326267 2 1 0.2 0.1
1.97062 2 1 0.2 0.1
0.0586568 2 1 0.2 0.2
1.97044 2 1 0.2 0.2
0.0922169 2 1 0.2 0.3
1.9703 2 1 0.2 0.3
0.132475 2 1 0.2 0.4
1.97019 2 1 0.2 0.4
0.177711 2 1 0.2 0.5
1.97011 2 1 0.2 0.5
0.225323 2 1 0.2 0.6
1.97008 2 1 0.2 0.6
0.272164 2 1 0.2 0.7
1.97008 2 1 0.2 0.7
0.315075 2 1 0.2 0.8
1.97012 2 1 0.2 0.8
0.35138 2 1 0.2 0.9
1.97021 2 1 0.2 0.9
0.379166 2 1 0.2 1.
1.97033 2 1 0.2 1.
0.39737 2 1 0.2 1.1
1.9705 2 1 0.2 1.1
0.405738 2 1 0.2 1.2
1.97071 2 1 0.2 1.2
0.404759 2 1 0.2 1.3
1.97095 2 1 0.2 1.3
0.395573 2 1 0.2 1.4
1.97123 2 1 0.2 1.4
0.379817 2 1 0.2 1.5
1.97155 2 1 0.2 1.5
0.359398 2 1 0.2 1.6
1.9719 2 1 0.2 1.6
0.336219 2 1 0.2 1.7
1.97227 2 1 0.2 1.7
0.311932 2 1 0.2 1.8
1.97268 2 1 0.2 1.8
0.287803 2 1 0.2 1.9
1.97311 2 1 0.2 1.9
0.264683 2 1 0.2 2.
1.97357 2 1 0.2 2.
0.243069 2 1 0.2 2.1
1.97404 2 1 0.2 2.1
0.223193 2 1 0.2 2.2
1.97453 2 1 0.2 2.2
0.205107 2 1 0.2 2.3
1.97503 2 1 0.2 2.3
0.188757 2 1 0.2 2.4
1.97554 2 1 0.2 2.4
0.174027 2 1 0.2 2.5
1.97606 2 1 0.2 2.5
0.160778 2 1 0.2 2.6
1.97659 2 1 0.2 2.6
0.148864 2 1 0.2 2.7
1.97712 2 1 0.2 2.7
0.13814 2 1 0.2 2.8
1.97764 2 1 0.2 2.8
0.128475 2 1 0.2 2.9
1.97817 2 1 0.2 2.9
0.119748 2 1 0.2 3.
1.9787 2 1 0.2 3.
0.111851 2 1 0.2 3.1
1.97922 2 1 0.2 3.1
0.10469 2 1 0.2 3.2
1.97973 2 1 0.2 3.2
0.0981806 2 1 0.2 3.3
1.98024 2 1 0.2 3.3
0.0922497 2 1 0.2 3.4
1.98074 2 1 0.2 3.4
0.0868333 2 1 0.2 3.5
1.98123 2 1 0.2 3.5
0.0818754 2 1 0.2 3.6
1.98171 2 1 0.2 3.6
0.0773269 2 1 0.2 3.7
1.98218 2 1 0.2 3.7
0.0731451 2 1 0.2 3.8
1.98264 2 1 0.2 3.8
0.0692922 2 1 0.2 3.9
1.9831 2 1 0.2 3.9
0.065735 2 1 0.2 4.
1.98353 2 1 0.2 4.
0.0333385 2 1 0.3 0
1.9307 2 1 0.3 0
0.0604702 2 1 0.3 0.1
1.92988 2 1 0.3 0.1
0.0960516 2 1 0.3 0.2
1.92923 2 1 0.3 0.2
0.139593 2 1 0.3 0.3
1.92878 2 1 0.3 0.3
0.189573 2 1 0.3 0.4
1.92853 2 1 0.3 0.4
0.243258 2 1 0.3 0.5
1.9285 2 1 0.3 0.5
0.296967 2 1 0.3 0.6
1.9287 2 1 0.3 0.6
0.346747 2 1 0.3 0.7
1.92914 2 1 0.3 0.7
0.389139 2 1 0.3 0.8
1.92981 2 1 0.3 0.8
0.421668 2 1 0.3 0.9
1.9307 2 1 0.3 0.9
0.443 2 1 0.3 1.
1.9318 2 1 0.3 1.
0.452856 2 1 0.3 1.1
1.9331 2 1 0.3 1.1
0.451863 2 1 0.3 1.2
1.93458 2 1 0.3 1.2
0.441388 2 1 0.3 1.3
1.9362 2 1 0.3 1.3
0.423341 2 1 0.3 1.4
1.93794 2 1 0.3 1.4
0.399923 2 1 0.3 1.5
1.93977 2 1 0.3 1.5
0.373325 2 1 0.3 1.6
1.94168 2 1 0.3 1.6
0.345461 2 1 0.3 1.7
1.94363 2 1 0.3 1.7
0.317803 2 1 0.3 1.8
1.9456 2 1 0.3 1.8
0.291351 2 1 0.3 1.9
1.94757 2 1 0.3 1.9
0.266683 2 1 0.3 2.
1.94953 2 1 0.3 2.
0.244068 2 1 0.3 2.1
1.95146 2 1 0.3 2.1
0.223561 2 1 0.3 2.2
1.95334 2 1 0.3 2.2
0.205089 2 1 0.3 2.3
1.95518 2 1 0.3 2.3
0.18851 2 1 0.3 2.4
1.95697 2 1 0.3 2.4
0.173654 2 1 0.3 2.5
1.95869 2 1 0.3 2.5
0.160343 2 1 0.3 2.6
1.96035 2 1 0.3 2.6
0.148406 2 1 0.3 2.7
1.96195 2 1 0.3 2.7
0.137684 2 1 0.3 2.8
1.96348 2 1 0.3 2.8
0.128035 2 1 0.3 2.9
1.96495 2 1 0.3 2.9
0.119332 2 1 0.3 3.
1.96635 2 1 0.3 3.
0.111462 2 1 0.3 3.1
1.96768 2 1 0.3 3.1
0.10433 2 1 0.3 3.2
1.96896 2 1 0.3 3.2
0.0978484 2 1 0.3 3.3
1.97017 2 1 0.3 3.3
0.0919446 2 1 0.3 3.4
1.97133 2 1 0.3 3.4
0.0865538 2 1 0.3 3.5
1.97243 2 1 0.3 3.5
0.0816197 2 1 0.3 3.6
1.97348 2 1 0.3 3.6
0.0770931 2 1 0.3 3.7
1.97448 2 1 0.3 3.7
0.0729313 2 1 0.3 3.8
1.97543 2 1 0.3 3.8
0.0690966 2 1 0.3 3.9
1.97634 2 1 0.3 3.9
0.0655561 2 1 0.3 4.
1.9772 2 1 0.3 4.
0.0622683 2 1 0.4 0
1.86837 2 1 0.4 0
0.0999083 2 1 0.4 0.1
1.866 2 1 0.4 0.1
0.146925 2 1 0.4 0.2
1.86423 2 1 0.4 0.2
0.20217 2 1 0.4 0.3
1.86316 2 1 0.4 0.3
0.262923 2 1 0.4 0.4
1.86286 2 1 0.4 0.4
0.324936 2 1 0.4 0.5
1.8634 2 1 0.4 0.5
0.383196 2 1 0.4 0.6
1.86481 2 1 0.4 0.6
0.433079 2 1 0.4 0.7
1.86707 2 1 0.4 0.7
0.471254 2 1 0.4 0.8
1.87014 2 1 0.4 0.8
0.49601 2 1 0.4 0.9
1.87391 2 1 0.4 0.9
0.507114 2 1 0.4 1.
1.87826 2 1 0.4 1.
0.5055 2 1 0.4 1.1
1.88306 2 1 0.4 1.1
0.49295 2 1 0.4 1.2
1.88816 2 1 0.4 1.2
0.471799 2 1 0.4 1.3
1.89343 2 1 0.4 1.3
0.444633 2 1 0.4 1.4
1.89875 2 1 0.4 1.4
0.413969 2 1 0.4 1.5
1.90403 2 1 0.4 1.5
0.381984 2 1 0.4 1.6
1.90919 2 1 0.4 1.6
0.350345 2 1 0.4 1.7
1.91417 2 1 0.4 1.7
0.320179 2 1 0.4 1.8
1.91894 2 1 0.4 1.8
0.292137 2 1 0.4 1.9
1.92347 2 1 0.4 1.9
0.266513 2 1 0.4 2.
1.92776 2 1 0.4 2.
0.243355 2 1 0.4 2.1
1.93179 2 1 0.4 2.1
0.222569 2 1 0.4 2.2
1.93558 2 1 0.4 2.2
0.203979 2 1 0.4 2.3
1.93913 2 1 0.4 2.3
0.187379 2 1 0.4 2.4
1.94245 2 1 0.4 2.4
0.172557 2 1 0.4 2.5
1.94555 2 1 0.4 2.5
0.159309 2 1 0.4 2.6
1.94844 2 1 0.4 2.6
0.147448 2 1 0.4 2.7
1.95114 2 1 0.4 2.7
0.136806 2 1 0.4 2.8
1.95366 2 1 0.4 2.8
0.127236 2 1 0.4 2.9
1.95601 2 1 0.4 2.9
0.118608 2 1 0.4 3.
1.9582 2 1 0.4 3.
0.110808 2 1 0.4 3.1
1.96025 2 1 0.4 3.1
0.103739 2 1 0.4 3.2
1.96217 2 1 0.4 3.2
0.097316 2 1 0.4 3.3
1.96396 2 1 0.4 3.3
0.0914641 2 1 0.4 3.4
1.96564 2 1 0.4 3.4
0.0861198 2 1 0.4 3.5
1.96721 2 1 0.4 3.5
0.0812273 2 1 0.4 3.6
1.96868 2 1 0.4 3.6
0.0767379 2 1 0.4 3.7
1.97006 2 1 0.4 3.7
0.0726093 2 1 0.4 3.8
1.97136 2 1 0.4 3.8
0.0688043 2 1 0.4 3.9
1.97258 2 1 0.4 3.9
0.0652902 2 1 0.4 4.
1.97373 2 1 0.4 4.
0.103704 2 1 0.5 0
1.78022 2 1 0.5 0
0.154299 2 1 0.5 0.1
1.77447 2 1 0.5 0.1
0.215264 2 1 0.5 0.2
1.77026 2 1 0.5 0.2
0.284173 2 1 0.5 0.3
1.76797 2 1 0.5 0.3
0.356311 2 1 0.5 0.4
1.76793 2 1 0.5 0.4
0.425293 2 1 0.5 0.5
1.77038 2 1 0.5 0.5
0.484708 2 1 0.5 0.6
1.77536 2 1 0.5 0.6
0.529804 2 1 0.5 0.7
1.78269 2 1 0.5 0.7
0.558268 2 1 0.5 0.8
1.79199 2 1 0.5 0.8
0.570048 2 1 0.5 0.9
1.80274 2 1 0.5 0.9
0.566707 2 1 0.5 1.
1.81436 2 1 0.5 1.
0.550787 2 1 0.5 1.1
1.82633 2 1 0.5 1.1
0.525303 2 1 0.5 1.2
1.83823 2 1 0.5 1.2
0.493357 2 1 0.5 1.3
1.84975 2 1 0.5 1.3
0.457824 2 1 0.5 1.4
1.86068 2 1 0.5 1.4
0.421114 2 1 0.5 1.5
1.87091 2 1 0.5 1.5
0.385043 2 1 0.5 1.6
1.88039 2 1 0.5 1.6
0.350818 2 1 0.5 1.7
1.88913 2 1 0.5 1.7
0.319131 2 1 0.5 1.8
1.89713 2 1 0.5 1.8
0.290278 2 1 0.5 1.9
1.90445 2 1 0.5 1.9
0.264288 2 1 0.5 2.
1.91112 2 1 0.5 2.
0.241034 2 1 0.5 2.1
1.91721 2 1 0.5 2.1
0.220303 2 1 0.5 2.2
1.92277 2 1 0.5 2.2
0.201848 2 1 0.5 2.3
1.92784 2 1 0.5 2.3
0.18542 2 1 0.5 2.4
1.93247 2 1 0.5 2.4
0.17078 2 1 0.5 2.5
1.93671 2 1 0.5 2.5
0.15771 2 1 0.5 2.6
1.94058 2 1 0.5 2.6
0.146017 2 1 0.5 2.7
1.94414 2 1 0.5 2.7
0.135529 2 1 0.5 2.8
1.9474 2 1 0.5 2.8
0.126097 2 1 0.5 2.9
1.95041 2 1 0.5 2.9
0.117592 2 1 0.5 3.
1.95317 2 1 0.5 3.
0.109902 2 1 0.5 3.1
1.95572 2 1 0.5 3.1
0.102929 2 1 0.5 3.2
1.95808 2 1 0.5 3.2
0.0965913 2 1 0.5 3.3
1.96027 2 1 0.5 3.3
0.0908147 2 1 0.5 3.4
1.96229 2 1 0.5 3.4
0.0855368 2 1 0.5 3.5
1.96417 2 1 0.5 3.5
0.0807028 2 1 0.5 3.6
1.96591 2 1 0.5 3.6
0.0762651 2 1 0.5 3.7
1.96754 2 1 0.5 3.7
0.0721822 2 1 0.5 3.8
1.96906 2 1 0.5 3.8
0.0684178 2 1 0.5 3.9
1.97047 2 1 0.5 3.9
0.0649397 2 1 0.5 4.
1.9718 2 1 0.5 4.
0.161435 2 1 0.6 0
1.66661 2 1 0.6 0
0.228349 2 1 0.6 0.1
1.65447 2 1 0.6 0.1
0.306404 2 1 0.6 0.2
1.64546 2 1 0.6 0.2
0.390825 2 1 0.6 0.3
1.64077 2 1 0.6 0.3
0.473683 2 1 0.6 0.4
1.64155 2 1 0.6 0.4
0.545807 2 1 0.6 0.5
1.64855 2 1 0.6 0.5
0.599842 2 1 0.6 0.6
1.66175 2 1 0.6 0.6
0.632303 2 1 0.6 0.7
1.68017 2 1 0.6 0.7
0.643564 2 1 0.6 0.8
1.7021 2 1 0.6 0.8
0.636516 2 1 0.6 0.9
1.72567 2 1 0.6 0.9
0.615124 2 1 0.6 1.
1.74932 2 1 0.6 1.
0.583496 2 1 0.6 1.1
1.77196 2 1 0.6 1.1
0.545405 2 1 0.6 1.2
1.79299 2 1 0.6 1.2
0.504066 2 1 0.6 1.3
1.81214 2 1 0.6 1.3
0.462028 2 1 0.6 1.4
1.82936 2 1 0.6 1.4
0.421144 2 1 0.6 1.5
1.84476 2 1 0.6 1.5
0.382621 2 1 0.6 1.6
1.85846 2 1 0.6 1.6
0.347126 2 1 0.6 1.7
1.87065 2 1 0.6 1.7
0.314923 2 1 0.6 1.8
1.88149 2 1 0.6 1.8
0.286005 2 1 0.6 1.9
1.89114 2 1 0.6 1.9
0.260201 2 1 0.6 2.
1.89975 2 1 0.6 2.
0.237256 2 1 0.6 2.1
1.90744 2 1 0.6 2.1
0.216882 2 1 0.6 2.2
1.91433 2 1 0.6 2.2
0.198788 2 1 0.6 2.3
1.92052 2 1 0.6 2.3
0.182703 2 1 0.6 2.4
1.9261 2 1 0.6 2.4
0.168377 2 1 0.6 2.5
1.93113 2 1 0.6 2.5
0.15559 2 1 0.6 2.6
1.93569 2 1 0.6 2.6
0.144147 2 1 0.6 2.7
1.93983 2 1 0.6 2.7
0.133878 2 1 0.6 2.8
1.94359 2 1 0.6 2.8
0.124638 2 1 0.6 2.9
1.94702 2 1 0.6 2.9
0.116301 2 1 0.6 3.
1.95016 2 1 0.6 3.
0.108757 2 1 0.6 3.1
1.95303 2 1 0.6 3.1
0.101911 2 1 0.6 3.2
1.95567 2 1 0.6 3.2
0.0956842 2 1 0.6 3.3
1.9581 2 1 0.6 3.3
0.0900045 2 1 0.6 3.4
1.96034 2 1 0.6 3.4
0.0848114 2 1 0.6 3.5
1.96241 2 1 0.6 3.5
0.0800518 2 1 0.6 3.6
1.96432 2 1 0.6 3.6
0.0756795 2 1 0.6 3.7
1.9661 2 1 0.6 3.7
0.0716542 2 1 0.6 3.8
1.96774 2 1 0.6 3.8
0.0679406 2 1 0.6 3.9
1.96928 2 1 0.6 3.9
0.0645075 2 1 0.6 4.
1.9707 2 1 0.6 4.
0.240501 2 1 0.7 0
1.53498 2 1 0.7 0
0.328083 2 1 0.7 0.1
1.51245 2 1 0.7 0.1
0.426804 2 1 0.7 0.2
1.49498 2 1 0.7 0.2
0.527758 2 1 0.7 0.3
1.48569 2 1 0.7 0.3
0.617927 2 1 0.7 0.4
1.48805 2 1 0.7 0.4
0.684743 2 1 0.7 0.5
1.50451 2 1 0.7 0.5
0.72166 2 1 0.7 0.6
1.53429 2 1 0.7 0.6
0.729925 2 1 0.7 0.7
1.57309 2 1 0.7 0.7
0.715516 2 1 0.7 0.8
1.61539 2 1 0.7 0.8
0.685264 2 1 0.7 0.9
1.65688 2 1 0.7 0.9
0.644971 2 1 0.7 1.
1.69518 2 1 0.7 1.
0.599114 2 1 0.7 1.1
1.72934 2 1 0.7 1.1
0.551053 2 1 0.7 1.2
1.75927 2 1 0.7 1.2
0.503242 2 1 0.7 1.3
1.78526 2 1 0.7 1.3
0.457379 2 1 0.7 1.4
1.80776 2 1 0.7 1.4
0.414533 2 1 0.7 1.5
1.82724 2 1 0.7 1.5
0.375266 2 1 0.7 1.6
1.84413 2 1 0.7 1.6
0.339765 2 1 0.7 1.7
1.85883 2 1 0.7 1.7
0.307963 2 1 0.7 1.8
1.87166 2 1 0.7 1.8
0.27964 2 1 0.7 1.9
1.88291 2 1 0.7 1.9
0.254498 2 1 0.7 2.
1.8928 2 1 0.7 2.
0.232209 2 1 0.7 2.1
1.90154 2 1 0.7 2.1
0.212447 2 1 0.7 2.2
1.9093 2 1 0.7 2.2
0.194908 2 1 0.7 2.3
1.9162 2 1 0.7 2.3
0.179313 2 1 0.7 2.4
1.92236 2 1 0.7 2.4
0.165415 2 1 0.7 2.5
1.92789 2 1 0.7 2.5
0.153 2 1 0.7 2.6
1.93286 2 1 0.7 2.6
0.141878 2 1 0.7 2.7
1.93735 2 1 0.7 2.7
0.131887 2 1 0.7 2.8
1.94141 2 1 0.7 2.8
0.122887 2 1 0.7 2.9
1.9451 2 1 0.7 2.9
0.114756 2 1 0.7 3.
1.94845 2 1 0.7 3.
0.10739 2 1 0.7 3.1
1.95152 2 1 0.7 3.1
0.100699 2 1 0.7 3.2
1.95432 2 1 0.7 3.2
0.0946061 2 1 0.7 3.3
1.95689 2 1 0.7 3.3
0.089043 2 1 0.7 3.4
1.95925 2 1 0.7 3.4
0.0839516 2 1 0.7 3.5
1.96143 2 1 0.7 3.5
0.079281 2 1 0.7 3.6
1.96344 2 1 0.7 3.6
0.0749867 2 1 0.7 3.7
1.9653 2 1 0.7 3.7
0.07103 2 1 0.7 3.8
1.96702 2 1 0.7 3.8
0.0673768 2 1 0.7 3.9
1.96862 2 1 0.7 3.9
0.0639972 2 1 0.7 4.
1.9701 2 1 0.7 4.
0.346139 2 1 0.8 0
1.39984 2 1 0.8 0
0.459288 2 1 0.8 0.1
1.36219 2 1 0.8 0.1
0.582387 2 1 0.8 0.2
1.33056 2 1 0.8 0.2
0.699841 2 1 0.8 0.3
1.31197 2 1 0.8 0.3
0.789176 2 1 0.8 0.4
1.31747 2 1 0.8 0.4
0.832405 2 1 0.8 0.5
1.35503 2 1 0.8 0.5
0.831659 2 1 0.8 0.6
1.41692 2 1 0.8 0.6
0.802491 2 1 0.8 0.7
1.48659 2 1 0.8 0.7
0.758055 2 1 0.8 0.8
1.55292 2 1 0.8 0.8
0.706085 2 1 0.8 0.9
1.6116 2 1 0.8 0.9
0.651072 2 1 0.8 1.
1.66188 2 1 0.8 1.
0.595855 2 1 0.8 1.1
1.70443 2 1 0.8 1.1
0.54234 2 1 0.8 1.2
1.74029 2 1 0.8 1.2
0.491798 2 1 0.8 1.3
1.77056 2 1 0.8 1.3
0.445 2 1 0.8 1.4
1.79621 2 1 0.8 1.4
0.402319 2 1 0.8 1.5
1.81803 2 1 0.8 1.5
0.36383 2 1 0.8 1.6
1.8367 2 1 0.8 1.6
0.329395 2 1 0.8 1.7
1.85277 2 1 0.8 1.7
0.298747 2 1 0.8 1.8
1.86667 2 1 0.8 1.8
0.271553 2 1 0.8 1.9
1.87875 2 1 0.8 1.9
0.247454 2 1 0.8 2.
1.88932 2 1 0.8 2.
0.226098 2 1 0.8 2.1
1.8986 2 1 0.8 2.1
0.207155 2 1 0.8 2.2
1.90679 2 1 0.8 2.2
0.190325 2 1 0.8 2.3
1.91405 2 1 0.8 2.3
0.175339 2 1 0.8 2.4
1.92052 2 1 0.8 2.4
0.161965 2 1 0.8 2.5
1.92629 2 1 0.8 2.5
0.149996 2 1 0.8 2.6
1.93147 2 1 0.8 2.6
0.139255 2 1 0.8 2.7
1.93613 2 1 0.8 2.7
0.129591 2 1 0.8 2.8
1.94034 2 1 0.8 2.8
0.12087 2 1 0.8 2.9
1.94416 2 1 0.8 2.9
0.112979 2 1 0.8 3.
1.94762 2 1 0.8 3.
0.10582 2 1 0.8 3.1
1.95078 2 1 0.8 3.1
0.0993083 2 1 0.8 3.2
1.95366 2 1 0.8 3.2
0.0933698 2 1 0.8 3.3
1.9563 2 1 0.8 3.3
0.087941 2 1 0.8 3.4
1.95873 2 1 0.8 3.4
0.0829665 2 1 0.8 3.5
1.96096 2 1 0.8 3.5
0.078398 2 1 0.8 3.6
1.96301 2 1 0.8 3.6
0.0741932 2 1 0.8 3.7
1.96491 2 1 0.8 3.7
0.0703151 2 1 0.8 3.8
1.96667 2 1 0.8 3.8
0.0667311 2 1 0.8 3.9
1.9683 2 1 0.8 3.9
0.0634126 2 1 0.8 4.
1.96982 2 1 0.8 4.
0.478093 2 1 0.9 0
1.28138 2 1 0.9 0
0.62013 2 1 0.9 0.1
1.2231 2 1 0.9 0.1
0.774476 2 1 0.9 0.2
1.16408 2 1 0.9 0.2
0.925565 2 1 0.9 0.3
1.10954 2 1 0.9 0.3
0.99998 2 1 0.9 0.4
1.12221 2 1 0.9 0.4
0.952598 2 1 0.9 0.5
1.23979 2 1 0.9 0.5
0.889445 2 1 0.9 0.6
1.35345 2 1 0.9 0.6
0.824079 2 1 0.9 0.7
1.45039 2 1 0.9 0.7
0.758867 2 1 0.9 0.8
1.53103 2 1 0.9 0.8
0.695094 2 1 0.9 0.9
1.59756 2 1 0.9 0.9
0.633782 2 1 0.9 1.
1.65238 2 1 0.9 1.
0.575769 2 1 0.9 1.1
1.69771 2 1 0.9 1.1
0.521684 2 1 0.9 1.2
1.73536 2 1 0.9 1.2
0.471926 2 1 0.9 1.3
1.76683 2 1 0.9 1.3
0.42666 2 1 0.9 1.4
1.79331 2 1 0.9 1.4
0.385851 2 1 0.9 1.5
1.81573 2 1 0.9 1.5
0.34931 2 1 0.9 1.6
1.83485 2 1 0.9 1.6
0.316744 2 1 0.9 1.7
1.85126 2 1 0.9 1.7
0.287807 2 1 0.9 1.8
1.86541 2 1 0.9 1.8
0.262132 2 1 0.9 1.9
1.87771 2 1 0.9 1.9
0.239356 2 1 0.9 2.
1.88843 2 1 0.9 2.
0.219138 2 1 0.9 2.1
1.89785 2 1 0.9 2.1
0.201167 2 1 0.9 2.2
1.90615 2 1 0.9 2.2
0.185163 2 1 0.9 2.3
1.9135 2 1 0.9 2.3
0.170879 2 1 0.9 2.4
1.92003 2 1 0.9 2.4
0.158099 2 1 0.9 2.5
1.92587 2 1 0.9 2.5
0.146635 2 1 0.9 2.6
1.9311 2 1 0.9 2.6
0.136325 2 1 0.9 2.7
1.93581 2 1 0.9 2.7
0.127026 2 1 0.9 2.8
1.94006 2 1 0.9 2.8
0.118619 2 1 0.9 2.9
1.9439 2 1 0.9 2.9
0.110996 2 1 0.9 3.
1.9474 2 1 0.9 3.
0.104068 2 1 0.9 3.1
1.95058 2 1 0.9 3.1
0.0977554 2 1 0.9 3.2
1.95348 2 1 0.9 3.2
0.0919892 2 1 0.9 3.3
1.95614 2 1 0.9 3.3
0.08671 2 1 0.9 3.4
1.95858 2 1 0.9 3.4
0.0818658 2 1 0.9 3.5
1.96082 2 1 0.9 3.5
0.077411 2 1 0.9 3.6
1.96289 2 1 0.9 3.6
0.0733059 2 1 0.9 3.7
1.9648 2 1 0.9 3.7
0.0695154 2 1 0.9 3.8
1.96657 2 1 0.9 3.8
0.0660086 2 1 0.9 3.9
1.96821 2 1 0.9 3.9
0.0627583 2 1 0.9 4.
1.96973 2 1 0.9 4.
0.612045 2 1 1. 0
1.21123 2 1 1. 0
0.772973 2 1 1. 0.1
1.13397 2 1 1. 0.1
0.941107 2 1 1. 0.5
1.26008 2 1 1. 0.5
0.860735 2 1 1. 0.6
1.37765 2 1 1. 0.6
0.789049 2 1 1. 0.7
1.47123 2 1 1. 0.7
0.721837 2 1 1. 0.8
1.54764 2 1 1. 0.8
0.65845 2 1 1. 0.9
1.61045 2 1 1. 0.9
0.598988 2 1 1. 1.
1.66231 2 1 1. 1.
0.543703 2 1 1. 1.1
1.70535 2 1 1. 1.1
0.492799 2 1 1. 1.2
1.74128 2 1 1. 1.2
0.446359 2 1 1. 1.3
1.77144 2 1 1. 1.3
0.404328 2 1 1. 1.4
1.79693 2 1 1. 1.4
0.36653 2 1 1. 1.5
1.81861 2 1 1. 1.5
0.332701 2 1 1. 1.6
1.83715 2 1 1. 1.6
0.302524 2 1 1. 1.7
1.8531 2 1 1. 1.7
0.275656 2 1 1. 1.8
1.86692 2 1 1. 1.8
0.251752 2 1 1. 1.9
1.87894 2 1 1. 1.9
0.230481 2 1 1. 2.
1.88945 2 1 1. 2.
0.211537 2 1 1. 2.1
1.89869 2 1 1. 2.1
0.194641 2 1 1. 2.2
1.90685 2 1 1. 2.2
0.179544 2 1 1. 2.3
1.91409 2 1 1. 2.3
0.166026 2 1 1. 2.4
1.92054 2 1 1. 2.4
0.153894 2 1 1. 2.5
1.9263 2 1 1. 2.5
0.142978 2 1 1. 2.6
1.93147 2 1 1. 2.6
0.133134 2 1 1. 2.7
1.93612 2 1 1. 2.7
0.124233 2 1 1. 2.8
1.94033 2 1 1. 2.8
0.116164 2 1 1. 2.9
1.94414 2 1 1. 2.9
0.108833 2 1 1. 3.
1.9476 2 1 1. 3.
0.102155 2 1 1. 3.1
1.95076 2 1 1. 3.1
0.0960583 2 1 1. 3.2
1.95364 2 1 1. 3.2
0.0904791 2 1 1. 3.3
1.95628 2 1 1. 3.3
0.0853624 2 1 1. 3.4
1.9587 2 1 1. 3.4
0.0806598 2 1 1. 3.5
1.96093 2 1 1. 3.5
0.0763289 2 1 1. 3.6
1.96299 2 1 1. 3.6
0.0723323 2 1 1. 3.7
1.96489 2 1 1. 3.7
0.0686373 2 1 1. 3.8
1.96665 2 1 1. 3.8
0.0652147 2 1 1. 3.9
1.96828 2 1 1. 3.9
0.0620389 2 1 1. 4.
1.9698 2 1 1. 4.
0.682833 2 1 1.1 0
1.23541 2 1 1.1 0
0.803846 2 1 1.1 0.1
1.18586 2 1 1.1 0.1
0.897482 2 1 1.1 0.2
1.16148 2 1 1.1 0.2
0.923579 2 1 1.1 0.3
1.19697 2 1 1.1 0.3
0.891636 2 1 1.1 0.4
1.27914 2 1 1.1 0.4
0.839225 2 1 1.1 0.5
1.36884 2 1 1.1 0.5
0.780981 2 1 1.1 0.6
1.45167 2 1 1.1 0.6
0.721687 2 1 1.1 0.7
1.52426 2 1 1.1 0.7
0.66345 2 1 1.1 0.8
1.58652 2 1 1.1 0.8
0.607465 2 1 1.1 0.9
1.63941 2 1 1.1 0.9
0.554504 2 1 1.1 1.
1.68417 2 1 1.1 1.
0.505063 2 1 1.1 1.1
1.72206 2 1 1.1 1.1
0.459423 2 1 1.1 1.2
1.7542 2 1 1.1 1.2
0.417682 2 1 1.1 1.3
1.78155 2 1 1.1 1.3
0.379795 2 1 1.1 1.4
1.80492 2 1 1.1 1.4
0.345608 2 1 1.1 1.5
1.82498 2 1 1.1 1.5
0.31489 2 1 1.1 1.6
1.84229 2 1 1.1 1.6
0.28737 2 1 1.1 1.7
1.85729 2 1 1.1 1.7
0.262755 2 1 1.1 1.8
1.87035 2 1 1.1 1.8
0.240753 2 1 1.1 1.9
1.88177 2 1 1.1 1.9
0.221085 2 1 1.1 2.
1.89181 2 1 1.1 2.
0.203489 2 1 1.1 2.1
1.90067 2 1 1.1 2.1
0.187727 2 1 1.1 2.2
1.90852 2 1 1.1 2.2
0.173585 2 1 1.1 2.3
1.91551 2 1 1.1 2.3
0.160872 2 1 1.1 2.4
1.92175 2 1 1.1 2.4
0.149421 2 1 1.1 2.5
1.92734 2 1 1.1 2.5
0.139083 2 1 1.1 2.6
1.93237 2 1 1.1 2.6
0.12973 2 1 1.1 2.7
1.9369 2 1 1.1 2.7
0.121248 2 1 1.1 2.8
1.94101 2 1 1.1 2.8
0.113538 2 1 1.1 2.9
1.94473 2 1 1.1 2.9
0.106515 2 1 1.1 3.
1.94812 2 1 1.1 3.
0.100102 2 1 1.1 3.1
1.95122 2 1 1.1 3.1
0.0942348 2 1 1.1 3.2
1.95405 2 1 1.1 3.2
0.0888546 2 1 1.1 3.3
1.95664 2 1 1.1 3.3
0.083911 2 1 1.1 3.4
1.95903 2 1 1.1 3.4
0.0793595 2 1 1.1 3.5
1.96122 2 1 1.1 3.5
0.0751608 2 1 1.1 3.6
1.96325 2 1 1.1 3.6
0.0712804 2 1 1.1 3.7
1.96512 2 1 1.1 3.7
0.0676876 2 1 1.1 3.8
1.96686 2 1 1.1 3.8
0.0643553 2 1 1.1 3.9
1.96847 2 1 1.1 3.9
0.0612594 2 1 1.1 4.
1.96997 2 1 1.1 4.
0.66621 2 1 1.2 0
1.34239 2 1 1.2 0
0.733724 2 1 1.2 0.1
1.3281 2 1 1.2 0.1
0.773735 2 1 1.2 0.2
1.33701 2 1 1.2 0.2
0.782736 2 1 1.2 0.3
1.36985 2 1 1.2 0.3
0.766338 2 1 1.2 0.4
1.4193 2 1 1.2 0.4
0.733602 2 1 1.2 0.5
1.47573 2 1 1.2 0.5
0.691859 2 1 1.2 0.6
1.53221 2 1 1.2 0.6
0.645864 2 1 1.2 0.7
1.58502 2 1 1.2 0.7
0.598563 2 1 1.2 0.8
1.63262 2 1 1.2 0.8
0.551808 2 1 1.2 0.9
1.67466 2 1 1.2 0.9
0.506777 2 1 1.2 1.
1.71137 2 1 1.2 1.
0.464209 2 1 1.2 1.1
1.74323 2 1 1.2 1.1
0.424531 2 1 1.2 1.2
1.77083 2 1 1.2 1.2
0.387947 2 1 1.2 1.3
1.79474 2 1 1.2 1.3
0.354495 2 1 1.2 1.4
1.81548 2 1 1.2 1.4
0.324098 2 1 1.2 1.5
1.8335 2 1 1.2 1.5
0.296603 2 1 1.2 1.6
1.84922 2 1 1.2 1.6
0.271809 2 1 1.2 1.7
1.86298 2 1 1.2 1.7
0.249495 2 1 1.2 1.8
1.87505 2 1 1.2 1.8
0.22943 2 1 1.2 1.9
1.88569 2 1 1.2 1.9
0.211391 2 1 1.2 2.
1.89509 2 1 1.2 2.
0.195166 2 1 1.2 2.1
1.90344 2 1 1.2 2.1
0.180559 2 1 1.2 2.2
1.91087 2 1 1.2 2.2
0.167392 2 1 1.2 2.3
1.91751 2 1 1.2 2.3
0.155503 2 1 1.2 2.4
1.92347 2 1 1.2 2.4
0.14475 2 1 1.2 2.5
1.92882 2 1 1.2 2.5
0.135006 2 1 1.2 2.6
1.93365 2 1 1.2 2.6
0.126158 2 1 1.2 2.7
1.93802 2 1 1.2 2.7
0.118109 2 1 1.2 2.8
1.94199 2 1 1.2 2.8
0.110771 2 1 1.2 2.9
1.94559 2 1 1.2 2.9
0.104068 2 1 1.2 3.
1.94888 2 1 1.2 3.
0.0979313 2 1 1.2 3.1
1.95189 2 1 1.2 3.1
0.0923031 2 1 1.2 3.2
1.95464 2 1 1.2 3.2
0.0871309 2 1 1.2 3.3
1.95717 2 1 1.2 3.3
0.0823687 2 1 1.2 3.4
1.9595 2 1 1.2 3.4
0.0779757 2 1 1.2 3.5
1.96164 2 1 1.2 3.5
0.0739162 2 1 1.2 3.6
1.96363 2 1 1.2 3.6
0.0701581 2 1 1.2 3.7
1.96546 2 1 1.2 3.7
0.0666732 2 1 1.2 3.8
1.96716 2 1 1.2 3.8
0.0634363 2 1 1.2 3.9
1.96875 2 1 1.2 3.9
0.0604251 2 1 1.2 4.
1.97022 2 1 1.2 4.
0.610986 2 1 1.3 0
1.46198 2 1 1.3 0
0.650143 2 1 1.3 0.1
1.45976 2 1 1.3 0.1
0.671485 2 1 1.3 0.2
1.47112 2 1 1.3 0.2
0.674929 2 1 1.3 0.3
1.49479 2 1 1.3 0.3
0.663051 2 1 1.3 0.4
1.52741 2 1 1.3 0.4
0.639703 2 1 1.3 0.5
1.56493 2 1 1.3 0.5
0.608693 2 1 1.3 0.6
1.60391 2 1 1.3 0.6
0.57316 2 1 1.3 0.7
1.64194 2 1 1.3 0.7
0.535468 2 1 1.3 0.8
1.67761 2 1 1.3 0.8
0.49732 2 1 1.3 0.9
1.71022 2 1 1.3 0.9
0.459903 2 1 1.3 1.
1.73956 2 1 1.3 1.
0.424012 2 1 1.3 1.1
1.76569 2 1 1.3 1.1
0.390149 2 1 1.3 1.2
1.78883 2 1 1.3 1.2
0.358592 2 1 1.3 1.3
1.80926 2 1 1.3 1.3
0.329458 2 1 1.3 1.4
1.82726 2 1 1.3 1.4
0.302751 2 1 1.3 1.5
1.84314 2 1 1.3 1.5
0.278394 2 1 1.3 1.6
1.85715 2 1 1.3 1.6
0.256259 2 1 1.3 1.7
1.86955 2 1 1.3 1.7
0.236193 2 1 1.3 1.8
1.88053 2 1 1.3 1.8
0.218027 2 1 1.3 1.9
1.89028 2 1 1.3 1.9
0.201591 2 1 1.3 2.
1.89897 2 1 1.3 2.
0.18672 2 1 1.3 2.1
1.90673 2 1 1.3 2.1
0.173258 2 1 1.3 2.2
1.91368 2 1 1.3 2.2
0.161061 2 1 1.3 2.3
1.91992 2 1 1.3 2.3
0.149995 2 1 1.3 2.4
1.92555 2 1 1.3 2.4
0.139944 2 1 1.3 2.5
1.93062 2 1 1.3 2.5
0.130798 2 1 1.3 2.6
1.93522 2 1 1.3 2.6
0.122463 2 1 1.3 2.7
1.93939 2 1 1.3 2.7
0.114853 2 1 1.3 2.8
1.94318 2 1 1.3 2.8
0.107893 2 1 1.3 2.9
1.94665 2 1 1.3 2.9
0.101516 2 1 1.3 3.
1.94981 2 1 1.3 3.
0.0956632 2 1 1.3 3.1
1.95271 2 1 1.3 3.1
0.090281 2 1 1.3 3.2
1.95537 2 1 1.3 3.2
0.0853232 2 1 1.3 3.3
1.95782 2 1 1.3 3.3
0.0807483 2 1 1.3 3.4
1.96008 2 1 1.3 3.4
0.0765196 2 1 1.3 3.5
1.96217 2 1 1.3 3.5
0.0726044 2 1 1.3 3.6
1.9641 2 1 1.3 3.6
0.0689736 2 1 1.3 3.7
1.96589 2 1 1.3 3.7
0.0656011 2 1 1.3 3.8
1.96755 2 1 1.3 3.8
0.0624639 2 1 1.3 3.9
1.9691 2 1 1.3 3.9
0.0595412 2 1 1.3 4.
1.97053 2 1 1.3 4.
0.548677 2 1 1.4 0
1.56213 2 1 1.4 0
0.572959 2 1 1.4 0.1
1.56296 2 1 1.4 0.1
0.585384 2 1 1.4 0.2
1.57207 2 1 1.4 0.2
0.586193 2 1 1.4 0.3
1.58854 2 1 1.4 0.3
0.57675 2 1 1.4 0.4
1.61066 2 1 1.4 0.4
0.559078 2 1 1.4 0.5
1.63637 2 1 1.4 0.5
0.535376 2 1 1.4 0.6
1.66378 2 1 1.4 0.6
0.507681 2 1 1.4 0.7
1.69137 2 1 1.4 0.7
0.47771 2 1 1.4 0.8
1.71805 2 1 1.4 0.8
0.446821 2 1 1.4 0.9
1.74318 2 1 1.4 0.9
0.416038 2 1 1.4 1.
1.7664 2 1 1.4 1.
0.386093 2 1 1.4 1.1
1.78758 2 1 1.4 1.1
0.357483 2 1 1.4 1.2
1.80673 2 1 1.4 1.2
0.330518 2 1 1.4 1.3
1.82394 2 1 1.4 1.3
0.305364 2 1 1.4 1.4
1.83937 2 1 1.4 1.4
0.282083 2 1 1.4 1.5
1.85318 2 1 1.4 1.5
0.260659 2 1 1.4 1.6
1.86551 2 1 1.4 1.6
0.241028 2 1 1.4 1.7
1.87654 2 1 1.4 1.7
0.223092 2 1 1.4 1.8
1.88642 2 1 1.4 1.8
0.206737 2 1 1.4 1.9
1.89527 2 1 1.4 1.9
0.191839 2 1 1.4 2.
1.90321 2 1 1.4 2.
0.178276 2 1 1.4 2.1
1.91035 2 1 1.4 2.1
0.165926 2 1 1.4 2.2
1.91679 2 1 1.4 2.2
0.154676 2 1 1.4 2.3
1.9226 2 1 1.4 2.3
0.14442 2 1 1.4 2.4
1.92786 2 1 1.4 2.4
0.13506 2 1 1.4 2.5
1.93264 2 1 1.4 2.5
0.126507 2 1 1.4 2.6
1.93698 2 1 1.4 2.6
0.118682 2 1 1.4 2.7
1.94093 2 1 1.4 2.7
0.111512 2 1 1.4 2.8
1.94454 2 1 1.4 2.8
0.104932 2 1 1.4 2.9
1.94784 2 1 1.4 2.9
0.0988849 2 1 1.4 3.
1.95087 2 1 1.4 3.
0.0933182 2 1 1.4 3.1
1.95365 2 1 1.4 3.1
0.0881857 2 1 1.4 3.2
1.95621 2 1 1.4 3.2
0.0834461 2 1 1.4 3.3
1.95857 2 1 1.4 3.3
0.0790625 2 1 1.4 3.4
1.96075 2 1 1.4 3.4
0.075002 2 1 1.4 3.5
1.96277 2 1 1.4 3.5
0.0712349 2 1 1.4 3.6
1.96464 2 1 1.4 3.6
0.067735 2 1 1.4 3.7
1.96638 2 1 1.4 3.7
0.0644785 2 1 1.4 3.8
1.968 2 1 1.4 3.8
0.0614443 2 1 1.4 3.9
1.9695 2 1 1.4 3.9
0.0586132 2 1 1.4 4.
1.9709 2 1 1.4 4.
0.489521 2 1 1.5 0
1.63993 2 1 1.5 0
0.50527 2 1 1.5 0.1
1.64129 2 1 1.5 0.1
0.512761 2 1 1.5 0.2
1.64802 2 1 1.5 0.2
0.512216 2 1 1.5 0.3
1.65955 2 1 1.5 0.3
0.504436 2 1 1.5 0.4
1.67493 2 1 1.5 0.4
0.490614 2 1 1.5 0.5
1.69302 2 1 1.5 0.5
0.472113 2 1 1.5 0.6
1.7127 2 1 1.5 0.6
0.450286 2 1 1.5 0.7
1.73297 2 1 1.5 0.7
0.426354 2 1 1.5 0.8
1.75309 2 1 1.5 0.8
0.401348 2 1 1.5 0.9
1.7725 2 1 1.5 0.9
0.376091 2 1 1.5 1.
1.79085 2 1 1.5 1.
0.351209 2 1 1.5 1.1
1.80794 2 1 1.5 1.1
0.327153 2 1 1.5 1.2
1.8237 2 1 1.5 1.2
0.304226 2 1 1.5 1.3
1.83811 2 1 1.5 1.3
0.282617 2 1 1.5 1.4
1.85124 2 1 1.5 1.4
0.26242 2 1 1.5 1.5
1.86314 2 1 1.5 1.5
0.243665 2 1 1.5 1.6
1.87391 2 1 1.5 1.6
0.226332 2 1 1.5 1.7
1.88365 2 1 1.5 1.7
0.21037 2 1 1.5 1.8
1.89245 2 1 1.5 1.8
0.195706 2 1 1.5 1.9
1.90042 2 1 1.5 1.9
0.182258 2 1 1.5 2.
1.90762 2 1 1.5 2.
0.169935 2 1 1.5 2.1
1.91415 2 1 1.5 2.1
0.158647 2 1 1.5 2.2
1.92007 2 1 1.5 2.2
0.148309 2 1 1.5 2.3
1.92544 2 1 1.5 2.3
0.138835 2 1 1.5 2.4
1.93034 2 1 1.5 2.4
0.130148 2 1 1.5 2.5
1.9348 2 1 1.5 2.5
0.122176 2 1 1.5 2.6
1.93887 2 1 1.5 2.6
0.114853 2 1 1.5 2.7
1.9426 2 1 1.5 2.7
0.108117 2 1 1.5 2.8
1.94601 2 1 1.5 2.8
0.101915 2 1 1.5 2.9
1.94915 2 1 1.5 2.9
0.0961957 2 1 1.5 3.
1.95203 2 1 1.5 3.
0.0909154 2 1 1.5 3.1
1.95468 2 1 1.5 3.1
0.0860336 2 1 1.5 3.2
1.95713 2 1 1.5 3.2
0.0815138 2 1 1.5 3.3
1.9594 2 1 1.5 3.3
0.0773236 2 1 1.5 3.4
1.9615 2 1 1.5 3.4
0.0734334 2 1 1.5 3.5
1.96344 2 1 1.5 3.5
0.0698169 2 1 1.5 3.6
1.96525 2 1 1.5 3.6
0.0664504 2 1 1.5 3.7
1.96693 2 1 1.5 3.7
0.0633123 2 1 1.5 3.8
1.96849 2 1 1.5 3.8
0.0603834 2 1 1.5 3.9
1.96995 2 1 1.5 3.9
0.0576463 2 1 1.5 4.
1.97131 2 1 1.5 4.
0.436335 2 1 1.6 0
1.69964 2 1 1.6 0
0.446853 2 1 1.6 0.1
1.7009 2 1 1.6 0.1
0.451411 2 1 1.6 0.2
1.70581 2 1 1.6 0.2
0.450181 2 1 1.6 0.3
1.71403 2 1 1.6 0.3
0.443669 2 1 1.6 0.4
1.725 2 1 1.6 0.4
0.432632 2 1 1.6 0.5
1.73805 2 1 1.6 0.5
0.417958 2 1 1.6 0.6
1.75247 2 1 1.6 0.6
0.400568 2 1 1.6 0.7
1.76762 2 1 1.6 0.7
0.38133 2 1 1.6 0.8
1.78295 2 1 1.6 0.8
0.361016 2 1 1.6 0.9
1.79804 2 1 1.6 0.9
0.340267 2 1 1.6 1.
1.8126 2 1 1.6 1.
0.319598 2 1 1.6 1.1
1.82641 2 1 1.6 1.1
0.299397 2 1 1.6 1.2
1.83936 2 1 1.6 1.2
0.279942 2 1 1.6 1.3
1.8514 2 1 1.6 1.3
0.26142 2 1 1.6 1.4
1.86252 2 1 1.6 1.4
0.243946 2 1 1.6 1.5
1.87273 2 1 1.6 1.5
0.227573 2 1 1.6 1.6
1.88209 2 1 1.6 1.6
0.212314 2 1 1.6 1.7
1.89065 2 1 1.6 1.7
0.19815 2 1 1.6 1.8
1.89846 2 1 1.6 1.8
0.185043 2 1 1.6 1.9
1.90558 2 1 1.6 1.9
0.172939 2 1 1.6 2.
1.91208 2 1 1.6 2.
0.161776 2 1 1.6 2.1
1.91801 2 1 1.6 2.1
0.151491 2 1 1.6 2.2
1.92342 2 1 1.6 2.2
0.142017 2 1 1.6 2.3
1.92837 2 1 1.6 2.3
0.133292 2 1 1.6 2.4
1.9329 2 1 1.6 2.4
0.125253 2 1 1.6 2.5
1.93705 2 1 1.6 2.5
0.117842 2 1 1.6 2.6
1.94085 2 1 1.6 2.6
0.111007 2 1 1.6 2.7
1.94435 2 1 1.6 2.7
0.104696 2 1 1.6 2.8
1.94756 2 1 1.6 2.8
0.0988641 2 1 1.6 2.9
1.95052 2 1 1.6 2.9
0.0934691 2 1 1.6 3.
1.95326 2 1 1.6 3.
0.0884727 2 1 1.6 3.1
1.95578 2 1 1.6 3.1
0.0838401 2 1 1.6 3.2
1.95812 2 1 1.6 3.2
0.0795398 2 1 1.6 3.3
1.96028 2 1 1.6 3.3
0.0755431 2 1 1.6 3.4
1.96229 2 1 1.6 3.4
0.0718241 2 1 1.6 3.5
1.96416 2 1 1.6 3.5
0.0683593 2 1 1.6 3.6
1.96589 2 1 1.6 3.6
0.0651274 2 1 1.6 3.7
1.96751 2 1 1.6 3.7
0.0621093 2 1 1.6 3.8
1.96902 2 1 1.6 3.8
0.0592874 2 1 1.6 3.9
1.97043 2 1 1.6 3.9
0.0566459 2 1 1.6 4.
1.97175 2 1 1.6 4.
0.389531 2 1 1.7 0
1.74585 2 1 1.7 0
0.396699 2 1 1.7 0.1
1.74687 2 1 1.7 0.1
0.399447 2 1 1.7 0.2
1.75049 2 1 1.7 0.2
0.397905 2 1 1.7 0.3
1.75648 2 1 1.7 0.3
0.392412 2 1 1.7 0.4
1.7645 2 1 1.7 0.4
0.38347 2 1 1.7 0.5
1.77413 2 1 1.7 0.5
0.371679 2 1 1.7 0.6
1.78491 2 1 1.7 0.6
0.357682 2 1 1.7 0.7
1.79641 2 1 1.7 0.7
0.342101 2 1 1.7 0.8
1.80825 2 1 1.7 0.8
0.325511 2 1 1.7 0.9
1.8201 2 1 1.7 0.9
0.308408 2 1 1.7 1.
1.83171 2 1 1.7 1.
0.291203 2 1 1.7 1.1
1.84292 2 1 1.7 1.1
0.274223 2 1 1.7 1.2
1.85358 2 1 1.7 1.2
0.257712 2 1 1.7 1.3
1.86364 2 1 1.7 1.3
0.241846 2 1 1.7 1.4
1.87305 2 1 1.7 1.4
0.226741 2 1 1.7 1.5
1.8818 2 1 1.7 1.5
0.212467 2 1 1.7 1.6
1.88991 2 1 1.7 1.6
0.199056 2 1 1.7 1.7
1.8974 2 1 1.7 1.7
0.186513 2 1 1.7 1.8
1.9043 2 1 1.7 1.8
0.17482 2 1 1.7 1.9
1.91065 2 1 1.7 1.9
0.163949 2 1 1.7 2.
1.91649 2 1 1.7 2.
0.153861 2 1 1.7 2.1
1.92186 2 1 1.7 2.1
0.14451 2 1 1.7 2.2
1.92679 2 1 1.7 2.2
0.135849 2 1 1.7 2.3
1.93133 2 1 1.7 2.3
0.127832 2 1 1.7 2.4
1.9355 2 1 1.7 2.4
0.12041 2 1 1.7 2.5
1.93934 2 1 1.7 2.5
0.113538 2 1 1.7 2.6
1.94288 2 1 1.7 2.6
0.107173 2 1 1.7 2.7
1.94615 2 1 1.7 2.7
0.101273 2 1 1.7 2.8
1.94916 2 1 1.7 2.8
0.0958021 2 1 1.7 2.9
1.95195 2 1 1.7 2.9
0.090724 2 1 1.7 3.
1.95453 2 1 1.7 3.
0.0860064 2 1 1.7 3.1
1.95692 2 1 1.7 3.1
0.0816196 2 1 1.7 3.2
1.95914 2 1 1.7 3.2
0.0775365 2 1 1.7 3.3
1.9612 2 1 1.7 3.3
0.0737321 2 1 1.7 3.4
1.96312 2 1 1.7 3.4
0.0701836 2 1 1.7 3.5
1.96491 2 1 1.7 3.5
0.0668705 2 1 1.7 3.6
1.96658 2 1 1.7 3.6
0.0637737 2 1 1.7 3.7
1.96813 2 1 1.7 3.7
0.060876 2 1 1.7 3.8
1.96959 2 1 1.7 3.8
0.0581619 2 1 1.7 3.9
1.97095 2 1 1.7 3.9
0.055617 2 1 1.7 4.
1.97222 2 1 1.7 4.
0.348706 2 1 1.8 0
1.78212 2 1 1.8 0
0.353665 2 1 1.8 0.1
1.78293 2 1 1.8 0.1
0.355275 2 1 1.8 0.2
1.78564 2 1 1.8 0.2
0.353634 2 1 1.8 0.3
1.7901 2 1 1.8 0.3
0.348978 2 1 1.8 0.4
1.79609 2 1 1.8 0.4
0.341652 2 1 1.8 0.5
1.80334 2 1 1.8 0.5
0.332075 2 1 1.8 0.6
1.81155 2 1 1.8 0.6
0.320701 2 1 1.8 0.7
1.82042 2 1 1.8 0.7
0.307984 2 1 1.8 0.8
1.82968 2 1 1.8 0.8
0.294353 2 1 1.8 0.9
1.83908 2 1 1.8 0.9
0.280189 2 1 1.8 1.
1.84842 2 1 1.8 1.
0.26582 2 1 1.8 1.1
1.85756 2 1 1.8 1.1
0.251514 2 1 1.8 1.2
1.86637 2 1 1.8 1.2
0.23748 2 1 1.8 1.3
1.87479 2 1 1.8 1.3
0.223878 2 1 1.8 1.4
1.88276 2 1 1.8 1.4
0.210819 2 1 1.8 1.5
1.89026 2 1 1.8 1.5
0.198379 2 1 1.8 1.6
1.89728 2 1 1.8 1.6
0.1866 2 1 1.8 1.7
1.90383 2 1 1.8 1.7
0.175502 2 1 1.8 1.8
1.90992 2 1 1.8 1.8
0.165084 2 1 1.8 1.9
1.91556 2 1 1.8 1.9
0.155335 2 1 1.8 2.
1.92079 2 1 1.8 2.
0.146231 2 1 1.8 2.1
1.92564 2 1 1.8 2.1
0.137745 2 1 1.8 2.2
1.93012 2 1 1.8 2.2
0.129842 2 1 1.8 2.3
1.93426 2 1 1.8 2.3
0.122489 2 1 1.8 2.4
1.93809 2 1 1.8 2.4
0.11565 2 1 1.8 2.5
1.94164 2 1 1.8 2.5
0.10929 2 1 1.8 2.6
1.94492 2 1 1.8 2.6
0.103374 2 1 1.8 2.7
1.94797 2 1 1.8 2.7
0.0978703 2 1 1.8 2.8
1.95079 2 1 1.8 2.8
0.0927477 2 1 1.8 2.9
1.9534 2 1 1.8 2.9
0.087977 2 1 1.8 3.
1.95583 2 1 1.8 3.
0.0835313 2 1 1.8 3.1
1.95809 2 1 1.8 3.1
0.0793852 2 1 1.8 3.2
1.9602 2 1 1.8 3.2
0.0755155 2 1 1.8 3.3
1.96216 2 1 1.8 3.3
0.0719007 2 1 1.8 3.4
1.96398 2 1 1.8 3.4
0.0685211 2 1 1.8 3.5
1.96569 2 1 1.8 3.5
0.0653584 2 1 1.8 3.6
1.96729 2 1 1.8 3.6
0.0623961 2 1 1.8 3.7
1.96878 2 1 1.8 3.7
0.0596189 2 1 1.8 3.8
1.97018 2 1 1.8 3.8
0.0570126 2 1 1.8 3.9
1.97149 2 1 1.8 3.9
0.0545646 2 1 1.8 4.
1.97272 2 1 1.8 4.
0.313208 2 1 1.9 0
1.81103 2 1 1.9 0
0.316679 2 1 1.9 0.1
1.81167 2 1 1.9 0.1
0.317567 2 1 1.9 0.2
1.81373 2 1 1.9 0.2
0.315946 2 1 1.9 0.3
1.81712 2 1 1.9 0.3
0.311986 2 1 1.9 0.4
1.82169 2 1 1.9 0.4
0.30593 2 1 1.9 0.5
1.82726 2 1 1.9 0.5
0.298076 2 1 1.9 0.6
1.83362 2 1 1.9 0.6
0.288753 2 1 1.9 0.7
1.84056 2 1 1.9 0.7
0.278294 2 1 1.9 0.8
1.84789 2 1 1.9 0.8
0.267022 2 1 1.9 0.9
1.85542 2 1 1.9 0.9
0.255231 2 1 1.9 1.
1.863 2 1 1.9 1.
0.243179 2 1 1.9 1.1
1.87049 2 1 1.9 1.1
0.231087 2 1 1.9 1.2
1.87782 2 1 1.9 1.2
0.21913 2 1 1.9 1.3
1.88489 2 1 1.9 1.3
0.207449 2 1 1.9 1.4
1.89165 2 1 1.9 1.4
0.196147 2 1 1.9 1.5
1.89809 2 1 1.9 1.5
0.185299 2 1 1.9 1.6
1.90417 2 1 1.9 1.6
0.174952 2 1 1.9 1.7
1.90989 2 1 1.9 1.7
0.165135 2 1 1.9 1.8
1.91525 2 1 1.9 1.8
0.155859 2 1 1.9 1.9
1.92027 2 1 1.9 1.9
0.147123 2 1 1.9 2.
1.92495 2 1 1.9 2.
0.138917 2 1 1.9 2.1
1.92931 2 1 1.9 2.1
0.131225 2 1 1.9 2.2
1.93337 2 1 1.9 2.2
0.124023 2 1 1.9 2.3
1.93714 2 1 1.9 2.3
0.11729 2 1 1.9 2.4
1.94066 2 1 1.9 2.4
0.110997 2 1 1.9 2.5
1.94392 2 1 1.9 2.5
0.10512 2 1 1.9 2.6
1.94696 2 1 1.9 2.6
0.0996313 2 1 1.9 2.7
1.94979 2 1 1.9 2.7
0.0945053 2 1 1.9 2.8
1.95242 2 1 1.9 2.8
0.0897172 2 1 1.9 2.9
1.95487 2 1 1.9 2.9
0.0852431 2 1 1.9 3.
1.95715 2 1 1.9 3.
0.0810606 2 1 1.9 3.1
1.95928 2 1 1.9 3.1
0.0771486 2 1 1.9 3.2
1.96127 2 1 1.9 3.2
0.0734874 2 1 1.9 3.3
1.96313 2 1 1.9 3.3
0.0700585 2 1 1.9 3.4
1.96487 2 1 1.9 3.4
0.0668448 2 1 1.9 3.5
1.96649 2 1 1.9 3.5
0.0638307 2 1 1.9 3.6
1.96801 2 1 1.9 3.6
0.0610015 2 1 1.9 3.7
1.96944 2 1 1.9 3.7
0.0583437 2 1 1.9 3.8
1.97078 2 1 1.9 3.8
0.0558449 2 1 1.9 3.9
1.97204 2 1 1.9 3.9
0.0534936 2 1 1.9 4.
1.97322 2 1 1.9 4.
0.282346 2 1 2. 0
1.83444 2 1 2. 0
0.284798 2 1 2. 0.1
1.83495 2 1 2. 0.1
0.285227 2 1 2. 0.2
1.83654 2 1 2. 0.2
0.283691 2 1 2. 0.3
1.83916 2 1 2. 0.3
0.280312 2 1 2. 0.4
1.84271 2 1 2. 0.4
0.275266 2 1 2. 0.5
1.84705 2 1 2. 0.5
0.268771 2 1 2. 0.6
1.85205 2 1 2. 0.6
0.261066 2 1 2. 0.7
1.85756 2 1 2. 0.7
0.252401 2 1 2. 0.8
1.86343 2 1 2. 0.8
0.243019 2 1 2. 0.9
1.86953 2 1 2. 0.9
0.233149 2 1 2. 1.
1.87572 2 1 2. 1.
0.222995 2 1 2. 1.1
1.88192 2 1 2. 1.1
0.212735 2 1 2. 1.2
1.88803 2 1 2. 1.2
0.202518 2 1 2. 1.3
1.89399 2 1 2. 1.3
0.192463 2 1 2. 1.4
1.89976 2 1 2. 1.4
0.182666 2 1 2. 1.5
1.90528 2 1 2. 1.5
0.173195 2 1 2. 1.6
1.91056 2 1 2. 1.6
0.1641 2 1 2. 1.7
1.91556 2 1 2. 1.7
0.155414 2 1 2. 1.8
1.92028 2 1 2. 1.8
0.147154 2 1 2. 1.9
1.92473 2 1 2. 1.9
0.139329 2 1 2. 2.
1.92892 2 1 2. 2.
0.131937 2 1 2. 2.1
1.93284 2 1 2. 2.1
0.124969 2 1 2. 2.2
1.93651 2 1 2. 2.2
0.118413 2 1 2. 2.3
1.93995 2 1 2. 2.3
0.112253 2 1 2. 2.4
1.94316 2 1 2. 2.4
0.106471 2 1 2. 2.5
1.94617 2 1 2. 2.5
0.101047 2 1 2. 2.6
1.94897 2 1 2. 2.6
0.0959612 2 1 2. 2.7
1.95159 2 1 2. 2.7
0.0911938 2 1 2. 2.8
1.95404 2 1 2. 2.8
0.0867248 2 1 2. 2.9
1.95633 2 1 2. 2.9
0.082535 2 1 2. 3.
1.95847 2 1 2. 3.
0.0786061 2 1 2. 3.1
1.96048 2 1 2. 3.1
0.0749205 2 1 2. 3.2
1.96235 2 1 2. 3.2
0.0714616 2 1 2. 3.3
1.96411 2 1 2. 3.3
0.0682139 2 1 2. 3.4
1.96576 2 1 2. 3.4
0.0651626 2 1 2. 3.5
1.96731 2 1 2. 3.5
0.0622943 2 1 2. 3.6
1.96876 2 1 2. 3.6
0.059596 2 1 2. 3.7
1.97012 2 1 2. 3.7
0.0570562 2 1 2. 3.8
1.9714 2 1 2. 3.8
0.0546637 2 1 2. 3.9
1.97261 2 1 2. 3.9
0.0524083 2 1 2. 4.
1.97375 2 1 2. 4.
